id=1
47.474395720153105, 19.05275366945963
47.47442631863992, 19.052762390965402
47.47447684383411, 19.052776792214427
47.47453955090236, 19.052794665712902
47.474614238321585, 19.052815954044107
47.47470996117747, 19.052843238240712
47.474822992204054, 19.052875455964806
47.47493427898838, 19.052907176650475
47.47504916640157, 19.052939923779107
47.475161793463265, 19.052972026758596
47.475279119068475, 19.053005469142054
47.47539209115676, 19.053037670739048
47.47550534325467, 19.05306995228403
47.47562252448037, 19.053102662695217
47.47574018129697, 19.053135367001364
47.47585928257588, 19.053168472958824
47.47593859706989, 19.0531905724448
47.47598985022412, 19.053204187202095
47.47600130861975, 19.053206873451494
47.47600150955263, 19.05320692055721
47.47600157611901, 19.053206936162706
47.476001577007835, 19.053206936371076
47.476001577007835, 19.053206936371076
47.476001577007835, 19.053206936371076
47.476001577007835, 19.053206936371076
47.476001577007835, 19.053206936371076
47.476001577007835, 19.053206936371076
47.476001577007835, 19.053206936371076
47.476001577007835, 19.053206936371076
47.476001577007835, 19.053206936371076
47.476001577007835, 19.053206936371076
47.476001577007835, 19.053206936371076
47.476001577007835, 19.053206936371076
47.476001577007835, 19.053206936371076
47.476001577007835, 19.053206936371076
47.476001577007835, 19.053206936371076
47.476001577007835, 19.053206936371076
47.476001577007835, 19.053206936371076
47.476001577007835, 19.053206936371076
47.476001577007835, 19.053206936371076
47.476001577007835, 19.053206936371076
47.476001577007835, 19.053206936371076
47.476001577007835, 19.053206936371076
47.476001577007835, 19.053206936371076
47.476001577007835, 19.053206936371076
47.476001577007835, 19.053206936371076
47.476001577007835, 19.053206936371076
47.476001577007835, 19.053206936371076
47.476001577007835, 19.053206936371076
47.47601922141319, 19.053213059428447
47.47602957339458, 19.053257708609586
47.476008222442076, 19.05333728977077
47.47597936667848, 19.053440773125875
47.47594237390152, 19.053573437006627
47.475898399395376, 19.05373113786987
47.4758530301861, 19.053893839300333
47.475808390465815, 19.0540539235722
47.47576439121081, 19.05422082081556
47.475724143892805, 19.054378416598066
id= 10
47.47651787175382, 19.05199056641593
47.476531397334966, 19.051943508001635
47.476551466965475, 19.051873681258126
47.47657926374165, 19.051776969707387
47.476612699684395, 19.05166063764795
47.476654058860014, 19.05151673788781
47.47669855899644, 19.05136190891235
47.47674309062281, 19.051206969374984
47.47679025224421, 19.051042878167593
47.47683891069907, 19.050873577795983
id= 12
47.475489413699925, 19.05564239777267
47.475504675932946, 19.055578088456823
47.47552931022726, 19.055483235421647
47.47555952846923, 19.055370981897696
47.47559566603381, 19.05523779754645
47.47564167265657, 19.055077802093304
47.475686097869236, 19.054923305237615
47.47573449012121, 19.054755011141634
47.475781495318365, 19.054591539687678
47.475828970006624, 19.054429027585076
47.47587517500745, 19.054271100441
47.475921606423285, 19.054112398380298
47.47596700020273, 19.053957241943564
47.47601270817464, 19.053801010588867
47.47605849748827, 19.05364450019472
47.476103642762176, 19.053490190173296
47.47614916816479, 19.053320549829316
47.476118748013306, 19.053215972743704
47.47607773883476, 19.053187649404027
47.47601308693455, 19.053165239869855
47.47593131432111, 19.053144025124993
47.475830494308454, 19.053116001749544
47.475708431554395, 19.05308206379451
47.4755869364394, 19.053048283814675
47.47546692983237, 19.053014465602942
47.47534441542682, 19.052979530493868
47.47522769578119, 19.05294624791263
47.47510626975723, 19.052911623459895
47.47499466483342, 19.052879799615518
47.474876564463486, 19.052846123754012
47.47475546722625, 19.052811593498966
47.474642164911614, 19.05277928606495
47.4745240572744, 19.052745608566752
47.474404112324386, 19.052711407322064
id= 13
47.476225075644166, 19.053047804017158
47.47623192028754, 19.053027261938134
47.47624701736887, 19.052980478756208
47.476266454267744, 19.052909078093954
47.47629381099488, 19.052808583893565
47.47631882012876, 19.0527167131361
47.4763460788339, 19.052616578194197
47.47637321182706, 19.052516904629993
47.47639858285288, 19.052423703301972
47.476424003316204, 19.052330319991146
47.47644808016554, 19.052241872168004
47.47647434664036, 19.05214538023631
47.47650121067259, 19.05204853378464
47.476537954962666, 19.051920692567194
47.47658312792, 19.05176352528723
47.47662769912818, 19.051608450625103
47.47667304600145, 19.051450676197657
47.476719402482196, 19.05128938799268
47.47676438991062, 19.051132862098726
47.47681049378708, 19.050972450660495
47.47685626913522, 19.050813181226644
id= 14
47.47548185515893, 19.055674246554027
47.47548321393014, 19.055668521218838
47.475490767549445, 19.0556366931671
47.475504768166864, 19.055577699817167
47.47552476131888, 19.055500133478755
47.47555336683435, 19.055393870937962
47.47558815550738, 19.055264638814734
47.475631577963505, 19.055112908108352
47.475677118026574, 19.05495453437378
47.47572533554446, 19.054786848171947
47.475772153093544, 19.05462402952566
47.47581922300386, 19.054462342382283
47.47586690489643, 19.054299367478958
47.4759156793295, 19.054132657178585
47.47596416158999, 19.053966944382232
47.47601167223143, 19.05380455148808
47.47606014797624, 19.0536388587171
47.476109505574755, 19.053470150556436
47.476143566519895, 19.053348571039056
47.4761802354957, 19.053205118837152
47.476202610578746, 19.053117307307993
47.4762334109293, 19.053022788235975
47.47626273824929, 19.0529227287544
47.476289666437054, 19.05282380884293
47.476317067019465, 19.05272315317414
47.47634270758991, 19.052628962493195
47.47636687524143, 19.052540182235322
47.476394436994966, 19.05243893327768
47.47641858819878, 19.05235021272014
47.47644399292101, 19.0522568869419
47.476467638523616, 19.052170023061098
id= 11
47.476510986104905, 19.052014523038345
47.47651722346554, 19.051992821948417
47.476531863385766, 19.05194188650876
47.47655461359288, 19.051862733417607
47.4765821109595, 19.051767063541906
47.47661843125802, 19.051640696004362
47.47666255624819, 19.051487173068885
47.476709942419475, 19.05132230249758
47.476755517498574, 19.05116373218643
47.47680120258291, 19.051004778080962
47.4768460602721, 19.050848701743806
id= 4
47.474379530114675, 19.052749054806842
47.47439302933011, 19.052752902493143
47.474429149977965, 19.052763197983946
47.474481671311295, 19.0527781681967
47.47455049619543, 19.05279778547195
47.4746386811998, 19.052822921067985
47.47474497066749, 19.052853217133322
47.47486047178757, 19.052886138962663
47.474975552788955, 19.052918941182327
47.4750964695341, 19.05295340694781
47.47520830152411, 19.0529852833566
47.475320542659226, 19.053017276518943
47.47543950900785, 19.05305118677692
47.47555934308141, 19.053085100627538
47.475674476524446, 19.05311710345233
47.47578672036666, 19.053148303205152
47.47586511268295, 19.053170093526795
47.475914411345386, 19.05318380346428
47.475925600888694, 19.053186935137372
47.475933990825595, 19.05318928327155
47.47593495440509, 19.053189552953476
47.47593505595758, 19.053189581375488
47.47593510240113, 19.053189594373887
47.47593513890364, 19.05318960459003
47.47593513890364, 19.05318960459003
47.47593513890364, 19.05318960459003
47.47593513890364, 19.05318960459003
47.47593513890364, 19.05318960459003
47.47593513890364, 19.05318960459003
47.47593513890364, 19.05318960459003
47.47593513890364, 19.05318960459003
47.47593513890364, 19.05318960459003
47.47593513890364, 19.05318960459003
47.47593513890364, 19.05318960459003
47.47593513890364, 19.05318960459003
47.47593513890364, 19.05318960459003
47.47593513890364, 19.05318960459003
47.47593513890364, 19.05318960459003
47.47593513890364, 19.05318960459003
47.47593513890364, 19.05318960459003
47.47593513890364, 19.05318960459003
47.47593513890364, 19.05318960459003
47.47593513890364, 19.05318960459003
47.47593513890364, 19.05318960459003
47.47593513890364, 19.05318960459003
47.47593513890364, 19.05318960459003
47.475950955180856, 19.053194031173874
47.47597841859058, 19.053201507227772
47.476019518452766, 19.053210464980246
47.47608317040974, 19.053220222746152
47.47616677119011, 19.053201192336047
47.47620340016275, 19.0531142005721
47.4762315623001, 19.05302833632706
47.476261269614774, 19.052928123728385
47.4762887802739, 19.052827064144033
id= 19
47.47548185515893, 19.055674246554027
47.47548304709763, 19.05566922418635
47.475489487085355, 19.05564208855449
47.475502853681675, 19.055585766749033
47.47552185504853, 19.055510929539892
47.4755485171184, 19.055411886488795
47.47558073176716, 19.055292216406045
47.47562065133123, 19.05515090727588
47.47566531197694, 19.054995592128396
47.47570954602825, 19.05484175954722
47.4757556846838, 19.054681302281843
47.47580049440473, 19.054526355724903
47.47584632597638, 19.054369705583035
47.475891588428354, 19.05421499967054
47.47594094704111, 19.05404629205772
47.47598909170955, 19.053881732570925
47.47603489776449, 19.053725165475843
47.47608118951141, 19.053566937235754
47.47612982686221, 19.053399885302607
47.47613679670301, 19.053248427886725
47.476083408280466, 19.053210018668544
47.47602309210654, 19.053282914758064
47.47598586575842, 19.05341746598113
47.475940756568534, 19.053579237085977
47.4758940932039, 19.053746580627262
47.47585042901776, 19.053903167483025
47.47580605573802, 19.05406229620235
47.475762536743474, 19.054228082347898
47.47571862536865, 19.05440002530963
id= 15
47.474379530114675, 19.052749054806842
47.47440056042511, 19.052755049084727
47.4744406620621, 19.052766479283346
47.47449666484434, 19.05278244182503
47.47456501177877, 19.05280192287999
47.4746473551658, 19.052825393434965
47.474742277840605, 19.05285244958583
47.4748538580428, 19.052884253812007
47.474971809049855, 19.052917874080013
47.475086185920304, 19.0529504757298
47.47519909739033, 19.05298265982032
47.47532040602967, 19.053017237574036
47.47544044111336, 19.053051452465567
47.47555895407393, 19.053084992498125
47.47567364983979, 19.05311687366419
47.4757662576177, 19.053142615287047
47.4758223665585, 19.053158211591775
47.47586401582339, 19.053169788637774
47.47586726952949, 19.05317069305557
47.47586835904109, 19.05317099590214
47.47586868005202, 19.053171085132092
47.475868777072115, 19.05317111210033
47.47586883163877, 19.053171127267973
47.47586883364724, 19.053171127826257
47.47586883510702, 19.053171128232027
47.47586883510702, 19.053171128232027
47.47586883510702, 19.053171128232027
47.47586883510702, 19.053171128232027
47.47586883510702, 19.053171128232027
47.47586883510702, 19.053171128232027
47.47586883510702, 19.053171128232027
47.47586883510702, 19.053171128232027
47.47586883510702, 19.053171128232027
47.47586883510702, 19.053171128232027
47.47586883510702, 19.053171128232027
47.47586883510702, 19.053171128232027
47.47586883510702, 19.053171128232027
47.47586883510702, 19.053171128232027
47.47586883510702, 19.053171128232027
47.47586883510702, 19.053171128232027
47.47586883510702, 19.053171128232027
47.47586883510702, 19.053171128232027
47.47586883510702, 19.053171128232027
47.47586883510702, 19.053171128232027
47.47586883510702, 19.053171128232027
47.47586883510702, 19.053171128232027
47.47588340666581, 19.05317517862307
47.47590694771733, 19.053181722228484
47.47593954139259, 19.053190836737276
47.47598574221224, 19.053203224140447
47.476048511603864, 19.05321509096436
47.476132796596566, 19.053217036642124
47.47619140719033, 19.053161388663284
47.476217965271765, 19.05306914358211
id= 18
47.476510986104905, 19.052014523038345
47.47651871004781, 19.05198764981303
47.47653474584466, 19.051931857799925
47.47655894105385, 19.051847677177385
47.47659178695657, 19.051733398357037
47.47663329803359, 19.051588970526765
47.47667760127057, 19.051434827087842
47.47672344287809, 19.051275330183078
47.47676801764639, 19.051120239981742
47.47681583794589, 19.050953856402046
47.47686371352294, 19.050787279337637
id= 17
47.474379530114675, 19.052749054806842
47.47439683705141, 19.05275398780968
47.47443387905075, 19.052764545915526
47.474489928732154, 19.052780521820978
47.47456877433723, 19.052802995330502
47.47466927091968, 19.05283164015263
47.474786846026014, 19.052865153048263
47.47490417738989, 19.05289859661313
47.47502162494494, 19.05293207344074
47.47513803922906, 19.05296525589087
47.475260566481005, 19.05300018091986
47.47537410114177, 19.053032542850993
47.475496653655746, 19.053067475383198
47.475613598639036, 19.05310018164244
47.47569651260087, 19.053123228679237
47.47576493108842, 19.053142246559123
47.475799586226834, 19.05315187945992
47.475800976618764, 19.053152265939882
47.475802002286436, 19.053152551039357
47.4758023251924, 19.053152640795844
47.47580243633209, 19.05315267168876
47.47580250291992, 19.053152690197834
47.475802523704445, 19.053152695975196
47.4758025251009, 19.053152696363362
47.4758025251009, 19.053152696363362
47.4758025251009, 19.053152696363362
47.4758025251009, 19.053152696363362
47.4758025251009, 19.053152696363362
47.4758025251009, 19.053152696363362
47.4758025251009, 19.053152696363362
47.4758025251009, 19.053152696363362
47.4758025251009, 19.053152696363362
47.4758025251009, 19.053152696363362
47.4758025251009, 19.053152696363362
47.4758025251009, 19.053152696363362
47.4758025251009, 19.053152696363362
47.4758025251009, 19.053152696363362
47.4758025251009, 19.053152696363362
47.4758025251009, 19.053152696363362
47.4758025251009, 19.053152696363362
47.4758025251009, 19.053152696363362
47.4758025251009, 19.053152696363362
47.4758025251009, 19.053152696363362
47.4758025251009, 19.053152696363362
47.47581104121028, 19.053155063542206
47.475839875910644, 19.05316307858009
47.47586212152448, 19.05316926208823
47.475907242165576, 19.05318180407504
47.47597474606541, 19.05320064625979
47.47605127940291, 19.053215532579053
47.47612323023413, 19.053217650822997
id=23
47.47548185515893, 19.055674246554027
47.47548620613485, 19.055655913222544
47.475497738776326, 19.055607319052157
47.47680932386773, 19.05343993576497
id=21
47.474379530114675, 19.052749054806842
47.47439123070482, 19.052752389830207
47.47441612063869, 19.052759484221667
47.47445976619245, 19.05277192455335
47.47452418802774, 19.05279028680376
47.47461148951015, 19.052815170542868
47.4747109380535, 19.052843516683353
47.4748309196422, 19.05287771556192
47.47494809973404, 19.052911116062848
47.47506668021467, 19.05294491587064
47.47518468918943, 19.052978552924184
47.4753033628639, 19.053012379589322
47.47541824642353, 19.053045126062944
47.47553495856267, 19.053078322653494
47.47563242604195, 19.05310541496297
47.47570103197579, 19.053124484901524
47.475733691469316, 19.053133563062172
47.47573523965072, 19.053133993401
47.475736024297824, 19.05313421150473
47.47573614616891, 19.053134245380523
id= 23
47.4755164593484, 19.055530973191356
47.47554468287863, 19.055426129775196
47.47557943352277, 19.055297039100175
47.47562405943582, 19.055139055035994
47.47567024861298, 19.05497842405809
47.47571565934416, 19.054820499215673
47.475763389515265, 19.054654506940835
47.475808311796804, 19.054499636320603
47.475857105222644, 19.054332862482493
47.47590648663801, 19.054164077751683
47.47595334831603, 19.05400390434681
47.47600258922095, 19.053835597593032
47.47604971839301, 19.053674507703942
47.47609723100203, 19.053512106123
47.47613853944039, 19.053368245702575
47.476216057254945, 19.05326343041715
47.47633683233852, 19.053299134461724
47.47645710963873, 19.05333497656618
47.476574719661734, 19.05337002398738
47.476696908095356, 19.05340643592156
47.47693142864467, 19.053476323084062
47.47705236636643, 19.05351236278113
47.47716602427991, 19.05354623322631
47.477286070023155, 19.05358188515547
id= 6
47.47676211657262, 19.05075954185886
47.47671581131102, 19.050921954320636
47.476670928163884, 19.05107937776334
47.47662301025832, 19.051247444194324
47.47657816733452, 19.05140472441831
47.476532469749635, 19.051565001038757
47.47648559575257, 19.051729372212765
47.476438704261845, 19.051893803601306
47.47639166050075, 19.05205858632752
47.47634476933668, 19.052220665473968
47.47629989312085, 19.052375778937485
47.47625104904306, 19.052544606076804
47.47620238405736, 19.052712813016456
47.47615441043687, 19.052864646574346
47.47609999684736, 19.053029786585753
47.47608645099802, 19.053171437772743
47.47613852799493, 19.053214779002985
47.476199379527834, 19.05313002035495
47.47622738612578, 19.053040869823445
47.476255627001436, 19.05294885164589
47.4762796585955, 19.052860572405482
47.4763069624464, 19.05276027223695
47.476330684693274, 19.05267312867248
47.47635561085767, 19.052581562172797
47.47637946491352, 19.05249393373829
47.476404077333164, 19.052403519092493
47.47662520204626, 19.05161713863996
47.47667152623783, 19.051455963896256
47.47672001983736, 19.051287240020226
47.47676514234736, 19.051130244117978
47.47681292723481, 19.05096398381885
47.476859298287714, 19.0508026416431
id= 22
47.474379530114675, 19.052749054806842
47.474395283737806, 19.05275354506798
47.4744272445696, 19.052762654883868
47.474471779754815, 19.052775348793404
47.47453267086552, 19.052792704682712
47.47461210593038, 19.052815346242806
47.47470395353603, 19.052841525860334
47.47481528518587, 19.05287325919572
47.47493787519227, 19.052908201698457
47.47505618464462, 19.052941924240393
47.47517474387781, 19.052975718125875
47.475293645015626, 19.053009609614787
47.47540727589387, 19.053041999011118
47.475529196806974, 19.053076721104194
47.47561144147701, 19.05309958203154
47.47565390589242, 19.053111385570066
47.47566465591076, 19.053114373680888
47.475669789988665, 19.05311580076666
47.475669836494966, 19.053115813693708
47.47566989219019, 19.053115829174942
47.47566989913067, 19.053115831104144
47.47566990559853, 19.053115832901973
47.47566990559853, 19.053115832901973
47.47566990559853, 19.053115832901973
47.47566990559853, 19.053115832901973
47.47566990559853, 19.053115832901973
47.47566990559853, 19.053115832901973
47.47566990559853, 19.053115832901973
47.47566990559853, 19.053115832901973
47.47566990559853, 19.053115832901973
47.47566990559853, 19.053115832901973
47.47566990559853, 19.053115832901973
47.47566990559853, 19.053115832901973
47.47566990559853, 19.053115832901973
47.47566990559853, 19.053115832901973
47.47566990559853, 19.053115832901973
47.47566990559853, 19.053115832901973
47.47566990559853, 19.053115832901973
47.47566990559853, 19.053115832901973
47.47566990559853, 19.053115832901973
47.475675355636874, 19.053117347813483
47.47569172996785, 19.053121899280978
47.47571758045181, 19.053129084779332
47.47575284576367, 19.05313888726985
47.475804854494356, 19.05315334385273
id= 24
47.47673834452268, 19.05084292079675
47.476690771184614, 19.051009780350896
47.47664353170301, 19.05117546777965
47.47659638471618, 19.051340829648908
47.476550907318575, 19.05150033457015
47.476504262901216, 19.051663913003225
47.47645939861769, 19.051821236167807
47.476413402278375, 19.051982527977604
47.47636551383072, 19.0521489623365
47.47631924162983, 19.052308901445947
47.47627084116321, 19.052476195734922
47.476226352542064, 19.052629967860756
47.476180960871325, 19.0527838239336
47.47613149661496, 19.052934398732372
47.47608137156937, 19.053084977758918
47.476115845935816, 19.05317688130946
47.47622653281287, 19.05322185634872
47.476309208193804, 19.05324617968536
47.47641232832319, 19.053276912097513
47.47652495174593, 19.05331047686533
47.47663893174079, 19.05334444606943
47.47675495330623, 19.053379023864768
47.476868307015515, 19.053412806704255
47.47698039984173, 19.053446213901122
47.47709206053525, 19.053479492445987
47.47720367181261, 19.05351275640004
47.47731669446265, 19.05354622066414
id= 27
47.474379530114675, 19.052749054806842
47.474401931679914, 19.0527554399342
47.47444337740723, 19.052767253240734
47.47449889605927, 19.052783077791638
47.47456703255497, 19.052802498866363
47.47464677950412, 19.05282522935234
47.474740123234355, 19.05285183544963
47.47484662274369, 19.05288219149697
47.47495959869912, 19.052914393685306
47.47507294462762, 19.05294670146333
47.47519223443683, 19.052980703612096
47.47530432571568, 19.053012654040558
47.475420185488694, 19.053045678776343
47.47551253549061, 19.0530720023741
47.475568224639574, 19.05308756936633
47.4756016471322, 19.053096859568168
47.47560343626028, 19.053097356879125
47.47560354747497, 19.053097387792658
47.475603578360904, 19.0530973963778
47.475603593112325, 19.053097400478144
47.4756035951024, 19.053097401031312
47.4756035951024, 19.053097401031312
47.4756035963247, 19.053097401371065
47.4756035963247, 19.053097401371065
47.4756035963247, 19.053097401371065
47.4756035963247, 19.053097401371065
47.4756035963247, 19.053097401371065
47.4756035963247, 19.053097401371065
47.4756035963247, 19.053097401371065
47.4756035963247, 19.053097401371065
47.4756035963247, 19.053097401371065
47.4756035963247, 19.053097401371065
47.4756035963247, 19.053097401371065
47.4756035963247, 19.053097401371065
47.4756035963247, 19.053097401371065
47.4756035963247, 19.053097401371065
47.4756035963247, 19.053097401371065
47.47560829594582, 19.05309870769082
47.47562302748944, 19.053102802513102
47.47564537384671, 19.053109013975124
47.475680937467196, 19.053118899358658
id= 29
47.474379530114675, 19.052749054806842
47.47439153877691, 19.05275247764013
47.474416690682446, 19.052759646701624
47.474463090357176, 19.052772872043846
47.47452937311645, 19.0527917647191
47.47461693875827, 19.052816723757036
47.47472259742592, 19.052846839998818
47.4748359690472, 19.052879154819276
47.47495219758183, 19.05291228409806
47.47506889104034, 19.05294554603885
47.47518363647645, 19.052978252860235
47.475296346681816, 19.053010379697355
47.47540406023966, 19.053041082417753
47.4754794097622, 19.053062560151258
47.47553682707909, 19.05307884203018
47.47553725710239, 19.053078961560352
47.47553727983951, 19.05307896788041
47.47553728301134, 19.05307896876206
47.47553728462173, 19.053078969209686
47.47553728673456, 19.05307896979697
47.47553728673456, 19.05307896979697
47.47553728673456, 19.05307896979697
47.47553728673456, 19.05307896979697
47.47553728673456, 19.05307896979697
47.47553728673456, 19.05307896979697
47.47553728673456, 19.05307896979697
47.47553728673456, 19.05307896979697
47.47553728673456, 19.05307896979697
47.47553728673456, 19.05307896979697
47.47553728673456, 19.05307896979697
47.47553728673456, 19.05307896979697
47.47553728673456, 19.05307896979697
47.47553728673456, 19.05307896979697
47.47553728673456, 19.05307896979697
47.475539765108586, 19.053079658691004
47.47555227086609, 19.05308313481851
47.47557046652967, 19.0530881925275
id= 21
47.4757361821534, 19.05313425538292
47.47573620465527, 19.053134261637627
47.47573621240627, 19.053134263792124
47.475736215469844, 19.05313426464369
47.475736215469844, 19.05313426464369
47.475736215469844, 19.05313426464369
47.475736215469844, 19.05313426464369
47.475736215469844, 19.05313426464369
47.475736215469844, 19.05313426464369
47.475736215469844, 19.05313426464369
47.475736215469844, 19.05313426464369
47.475736215469844, 19.05313426464369
47.475736215469844, 19.05313426464369
47.475736215469844, 19.05313426464369
47.475736215469844, 19.05313426464369
47.475736215469844, 19.05313426464369
47.475736215469844, 19.05313426464369
47.475736215469844, 19.05313426464369
47.475736215469844, 19.05313426464369
47.475736215469844, 19.05313426464369
47.475736215469844, 19.05313426464369
47.475736215469844, 19.05313426464369
47.475742826572514, 19.053136102293152
47.47576696875652, 19.053142812958335
47.47578520704134, 19.053147882554264
47.47582360939084, 19.05315855705565
47.475875026364456, 19.05317284918791
47.475939955211864, 19.053190952555017
id=24
47.47615906769784, 19.05319903412182
id=27
47.47560317711891, 19.05309728484747
id=29
47.47552685231842, 19.053076069425494
47.47553455484623, 19.05307821043564
id=4
47.47593513890364, 19.05318960459003
47.47593513890364, 19.05318960459003
id=6
47.476430724905654, 19.05230562784243
47.4764543324868, 19.05221890381722
47.47648196190502, 19.05211740489672
47.476508792673094, 19.052022154444476
47.476541499813, 19.051908359241306
47.4765796145042, 19.05177574931911
